prodcodeid
524441000033119
5454041000033117
5595341000033117
5997541000033113
5898841000033116
524541000033118
5401641000033118
5899041000033115
5971541000033112
5898941000033112
524641000033117
6012541000033117
8263341000033116
3333941000033117
5898741000033114
524041000033111
5967041000033117
5568741000033113
5971441000033111
5971641000033113
8275941000033110
8276141000033118
210541000033113
3940841000033110
523941000033114
524241000033115
524341000033113
5967141000033118
3890041000033117
5998241000033112
5008141000033111
524141000033110
6012441000033118
6044641000033119
8263441000033110
5890541000033115
5971341000033117
6044541000033115
8869441000033119
523741000033111
8276041000033117
9105341000033116
5887841000033118
2719841000033113
3851341000033117
5888241000033116
8263641000033112
9105541000033112
5992641000033112
5890341000033110
4153041000033114
8263541000033111
9105241000033114
4152241000033113
5887941000033114
5132041000033112
6001041000033115
3279241000033117
5992541000033111
9105441000033110
210741000033117
5890241000033117
4805941000033114
2656341000033110
3152141000033115
9108041000033112
9108141000033110
3012741000033115
10645041000033114
2883341000033118
3163341000033119
3163041000033116
4453941000033114
3160641000033118
6517041000033110
1739841000033119
2145841000033114
4454041000033111
3163241000033112
1739741000033112
4454141000033110
2724541000033115
1454141000033119
3162241000033117
1149241000033111
4454541000033118
1149341000033118
1149541000033113
1453941000033115
3014741000033111
3160841000033117
3161641000033114
1149441000033112
609141000033111
609241000033116
2989541000033115
1454041000033118
3160941000033113
214541000033116
213441000033119
2989641000033119
2989741000033111
214441000033117
523541000033115
2989841000033118
522841000033111
522641000033110
522741000033118
837941000033119
2846741000033119
837841000033110
838141000033117
1067841000033115
1151341000033117
838041000033116
1067941000033111
1151441000033111
1151541000033112
1769841000033111
