prodcodeid
6435741000033117
5970641000033117
5971841000033114
4273241000033118
6528441000033113
7754841000033119
5971741000033116
4954341000033111
7755041000033110
5971941000033118
5972041000033112
7754941000033110
5149941000033118
6515441000033113
6515541000033114
5005941000033118
5006041000033111
5566341000033111
4548741000033111
3909041000033115
5005841000033114
4021541000033110
4021441000033114
4021641000033111
3995241000033112
3201341000033115
3908941000033112
4424941000033113
10943641000033117
10943741000033114
10943841000033116
3161541000033113
3162641000033119
4424741000033110
3162741000033111
3190741000033112
2036341000033115
2036441000033114
3161141000033116
3161441000033112
3346841000033117
3161241000033111
3161741000033117
4957541000033114
2272641000033119
2036541000033110
2944741000033115
1849641000033117
1498341000033118
2944541000033111
2944641000033112
1849541000033118
211641000033118
3227241000033111
775641000033115
1498241000033111
1498441000033112
775441000033117
775541000033116
211541000033119
211741000033110
851841000033117
211841000033117
851941000033113
2720141000033115
