prodcodeid
4897741000033118
3890141000033118
5402541000033112
9105341000033116
5056241000033112
9105541000033112
5973741000033117
7740641000033112
9105241000033114
13344441000033112
2639341000033117
9105441000033110
12682241000033110
5490241000033113
10387441000033111
5888741000033110
977641000033117
3163341000033119
3963741000033115
5005941000033118
5006041000033111
4508041000033119
5005841000033114
13422241000033114
4021541000033110
4021441000033114
4021641000033111
971541000033113
3163241000033112
3246941000033118
971441000033112
972441000033116
967141000033119
974941000033117
1778841000033111
967741000033115
977341000033113
1778741000033118
971341000033118
967241000033114
967341000033116
971141000033116
974141000033119
817541000033119
971241000033111
971841000033110
817641000033118
970941000033113
60741000033111
3908741000033114
57241000033113
568041000033111
825941000033112
569041000033115
569141000033116
3038141000033110
3038041000033111
