prodcodeid
5898541000033118
5998141000033117
5898441000033119
210141000033116
890741000033112
13910541000033116
10650141000033117
4957141000033117
8536441000033115
5814141000033119
4267141000033111
5575541000033119
10650041000033116
5898141000033110
5898341000033113
5972841000033117
7871341000033114
3162941000033114
4815641000033117
5378241000033112
5972941000033113
5376441000033114
5898041000033111
5898241000033115
5288741000033116
13577541000033118
4507941000033117
5991041000033111
903641000033115
3161341000033118
1750241000033113
2616041000033116
3163141000033117
3346641000033118
1091141000033117
4955841000033115
956341000033113
1111441000033118
1112341000033115
1125441000033112
1125541000033113
151441000033111
8961141000033117
1125341000033118
1128041000033113
10741000033112
3246941000033118
3041000033115
1091241000033112
1135141000033118
3141000033116
891641000033111
233341000033116
956541000033118
90441000033118
1444541000033113
5565341000033115
236041000033111
210041000033115
209941000033111
1581241000033110
1581341000033117
897741000033111
1135341000033115
1951841000033112
1951941000033116
1796041000033113
1124041000033116
897841000033118
1130041000033112
1135041000033117
514741000033117
1135241000033113
91041000033118
1951641000033111
90641000033116
151341000033117
1951741000033119
91141000033119
